100001688319875
100002373183519
100002481572278
100002610025113
100003354451860
100003717026235
100003746154240
100003751461418
100003786938334
100003813929247
100003925033199
100004007672419
100004056420419
100004329820564
100004418176501
100004509875391
100004874679975
100004905587052
100004963182662
100005019425830
100005139938646
100005172286118
100005210686280
100005375261281
100005503208191
100005770291504
100005837374752
100005862669485
100005931667424
100005950217173
100005992084509
100006047254958
100006058930637
100006154992019
100006242911028
100006434780135
100006580384906
100006671503900
100006685758854
100006750301575
100006958176161
100007002437745
100007109776069
100007133943364
100007324454480
100007368884955
100007387385533
100007458496655
100007461423547
100007737012265
100007756865806
100007964228157
100008067547674
100008165658074
100008177972967
100008197755150
100008214273160
100008243589927
100008260177617
100008372589017
100008381685879
100008408280917
100008516531582
100008576418302
100008886483226
100009049345370
100009202703434
100009218373935
100009262155546
100009282754358
100009287824572
100009292597196
100009296457153
100009361400888
100009376789408
100009380992474
100009390310715
100009406959351
100009513403472
100009526491029
100009624560088
100009628530200
100009648586951
100009666200413
100009687463808
100009689227548
100009689528123
100009709236503
100009742411534
100009792000293
100009797970820
100009816971211
100009862879491
100009872537665
100009911265609
100009915735621
100009926113609
100009931635287
100009967337403
100010006633227
100010018388932
100010031555259
100010068767826
100010171217428
100010207088717
100010234423381
100010264384278
100010288091378
100010306573230
100010316203083
100010317487364
100010343254155
100010362637308
100010373656516
100010400250735
100010432296722
100010434915523
100010464821661
100010486968883
100010487408870
100010506247987
100010524210969
100010529015549
100010552320620
100010554818137
100010561185165
100010617181083
100010707157311
100010720723434
100010720982798
100010749758033
100010767960235
100010802799574
100010814024222
100010849749476
100010894217109
100010927905598
100010963144061
100010979684967
100010984326593
100011007121448
100011059473407
100011063880532
100011144136806
100011161470875
100011171146891
100011198655394
100011220880810
100011229671412
100011230325459
100011257682989
100011270537671
100011273382292
100011281964578
100011294829755
100011302720663
100011327056442
100011330973236
100011333176600
100011343155359
100011344864305
100011354158408
100011369502624
100011380756613
100011395847014
100011404683882
100011427811060
100011442370563
100011466713839
100011467143735
100011499665823
100011504508758
100011556798395
100011588143591
100011617230725
100011629691245
100011635082492
100011638062165
100011640729949
100011640964431
100011664191776
100011685280470
100011721698818
100011726553494
100011730463627
100011730970923
100011735262257
100011779892184
100011780224075
100011786828534
100011790069435
100011854861720
100011883181424
100011911664356
100011968308190
100011972882689
100011979348939
100012011380701
100012019515372
100012039760986
100012041299011
100012053562306
100012101179196
100012126250536
100012161314291
100012177278460
100012210366796
100012224117018
100012228908933
100012229726465
100012250668772
100012275588117
100012279069805
100012297164092
100012359583385
100012364350977
100012372522468
100012392839219
100012408273939
100012414494732
100012426762032
100012502928469
100012509050683
100012526712383
100012550351869
100012567810082
100012577890835
100012602261744
100012605140531
100012624256390
100012660422889
100012661277253
100012664338639
100012665028510
100012678554173
100012701912905
100012714874937
100012717519877
100012740711422
100012745183742
100012747033725
100012753794607
100012773070261
100012785072235
100012803764894
100012806898625
100012833476129
100012851257774
100012856249208
100012896465045
100012902224628
100012926045982
100012941616767
100012948844455
100012954816304
100012955869337
100012965807068
100012978286098
100012981276569
100013016325485
100013023794423
100013039627775
100013067925085
100013099926433
100013157979836
100013200311067
100013227940494
100013238922208
100013239436100
100013243758923
100013268072631
100013271174722
100013271402040
100013275610834
100013279200064
100013289883678
100013292717678
100013311993167
100013344660663
100013355716819
100013404010039
100013410692928
100013411362775
100013416846755
100013419848833
100013420951899
100013422991756
100013424982921
100013426861081
100013443401738
100013446073186
100013447359279
100013461728847
100013468841489
100013469673833
100013470187730
100013479213097
100013505643902
100013506305576
100013510425534
100013518398932
100013518910552
100013525752791
100013550761188
100013552236905
100013558110498
100013567833262
100013570157363
100013576085191
100013594230849
100013619853129
100013621781738
100013631797083
100013635960979
100013637718634
100013642922285
100013652866499
100013655978049
100013662915445
100013665019604
100013674480161
100013674550212
100013680162530
100013681397994
100013706383248
100013717849038
100013731167070
100013735113227
100013735272739
100013742825490
100013752309416
100013772432102
100013785333250
100013785969825
100013799870931
100013802030210
100013807057444
100013809277243
100013811940818
100013812060120
100013826480262
100013832445359
100013842191072
100013853328139
100013864512460
100013875640643
100013876959832
100013879421342
100013923675612
100013925682608
100013937687568
100013941255706
100013941970388
100013977367850
100013983127460
100014004795575
100014019347716
100014037496655
100014046931032
100014054625410
100014056486131
100014063042714
100014063581909
100014075954989
100014078526641
100014088615752
100014089300521
100014090532773
100014096860437
100014102585262
100014112316168
100014114954820
100014115363759
100014118221044
100014119596362
100014136314288
100014138165908
100014142515356
100014147358273
100014150499215
100014153645288
100014184761076
100014203397810
100014206458882
100014209333978
100014210221574
100014212869833
100014216671533
100014226616587
100014247933474
100014263711638
100014271606472
100014272510905
100014291774493
100014299561464
100014305056283
100014328511384
100014334315955
100014379884710
100014386830357
100014399855469
100014416354777
100014425098155
100014435402945
100014437682939
100014439582787
100014447220091
100014466001909
100014470905529
100014471688251
100014495760391
100014498912590
100014523036144
100014536843048
100014538136886
100014550438050
100014553276514
100014560352461
100014565785241
100014603175326
100014630598168
100014631227057
100014649047089
100014650457081
100014667912652
100014685583195
100014685916005
100014688075041
100014693866608
100014694492253
100014698067809
100014718138495
100014718226250
100014741915179
100014742195617
100014742404865
100014752397690
100014774298124
100014792980859
100014794241702
100014801199563
100014810979704
100014813412542
100014813732608
100014817037978
100014835757569
100014841781849
100014860212697
100014863664591
100014866929906
100014882434982
100014884385869
100014909049802
100014915491997
100014916759579
100014923502383
100014929606226
100014937788223
100014939357952
100014944090939
100014946375364
100014955272737
100014956144008
100014965922084
100014966808952
100014972443341
100014975863076
100014987286423
100015030761544
100015045696113
100015073001253
100015083057094
100015090552013
100015093257431
100015096543900
100015099946674
100015101495870
100015101864798
100015105726436
100015112387187
100015133901925
100015134675305
100015139965881
100015151353997
100015159546001
100015168487264
100015179448681
100015187158532
100015195018964
100015195372648
100015197026953
100015197955015
100015203317299
100015218677979
100015220357110
100015224737681
100015225720725
100015226770812
100015238451961
100015254854810
100015266195424
100015270135688
100015273692973
100015283122222
100015300797982
100015316089182
100015326711716
100015328176341
100015330272615
100015331424981
100015333425332
100015348668817
100015357525788
100015368686222
100015407882856
100015410651408
100015412149632
100015413497767
100015421362123
100015436512695
100015466202465
100015476926646
100015498431393
100015499759067
100015501488191
100015502063793
100015503504178
100015517183135
100015534304772
100015537423333
100015539806235
100015543375550
100015552902610
100015561121642
100015588873787
100015595622120
100015621945377
100015627044513
100015633663462
100015637307800
100015638131988
100015641956866
100015647417229
100015654844297
100015657043548
100015669226892
100015672964984
100015674684694
100015682205587
100015704742341
100015715218276
100015718454408
100015719228937
100015747271079
100015752479408
100015800199514
100015806265009
100015821792757
100015823306356
100015842801883
100015844035910
100015855251738
100015873667154
100015901423257
100015902958679
100015912991479
100015932680333
100015932772097
100015938742044
100015947559236
100015959862097
100015976022344
100015982245572
100015993481084
100015996903429
100016001434984
100016002467998
100016006187801
100016010168653
100016025340327
100016039743177
100016057510940
100016064619226
100016103463609
100016104159377
100016119842373
100016125427255
100016135266763
100016136016686
100016154797233
100016169884798
100016178193156
100016182347265
100016192024658
100016229293575
100016235927601
100016248132528
100016260494799
100016281463872
100016282633554
100016285266049
100016302752776
100016317136391
100016332751828
100016343862287
100016374455152
100016388377029
100016397741323
100016423717100
100016428343059
100016435442646
100016445799447
100016446344177
100016453569010
100016455240179
100016480411142
100016487679776
100016501418213
100016501771444
100016502670471
100016509786523
100016514956338
100016519381329
100016554283230
100016630579246
100016647346194
100016675691715
100016676557894
100016687240371
100016695581980
100016703972200
100016729422657
100016747869651
100016752704373
100016760314242
100016787350962
100016813599153
100016816061724
100016819865734
100016824365288
100016824968796
100016834535832
100016844796091
100016851459431
100016854490610
100016860033646
100016861231089
100016875586263
100016887883852
100016893017523
100016893092689
100016897084413
100016900360185
100016908976260
100016920073139
100016922700586
100016925195993
100016926370130
100016929129425
100016936277751
100016966050753
100016972214401
100016993663224
100016995258122
100016998875136
100017020410978
100017022123052
100017028392389
100017033267613
100017061251299
100017062471597
100017072019323
100017103797596
100017117226675
100017125870356
100017144288694
100017145362782
100017242488126
100017258532709
100017265300302
100017278390287
100017282521024
100017289422056
100017295580450
100017329148544
100017335751080
100017343310937
100017347081531
100017355845437
100017364075750
100017382932946
100017398484910
100017399685624
100017440304598
100017442780106
100017471473870
100017475574396
100017476570918
100017479720427
100017481997960
100017491410790
100017499271517
100017499431867
100017531344937
100017533470100
100017546580431
100017547123693
100017555435652
100017570925551
100017571246275
100017579774604
100017588143969
100017593084353
100017595459109
100017606048716
100017623990277
100017627707950
100017645044835
100017654596836
100017673466596
100017680934900
100017685978511
100017719230210
100017719651861
100017723324850
100017727273229
100017731593838
100017735889265
100017774460743
100017816584474
100017818338203
100017870714210
100017872172769
100017885622063
100017899023466
100017903618228
100017934185714
100017934223232
100017952450339
100017977743330
100017978628140
100017979543722
100018016111093
100018020860937
100018034696643
100018055984781
100018061486531
100018075420310
100018083160062
100018090223497
100018145682908
100018204284939
100018206896776
100018208172069
100018235064080
100018243910869
100018244783860
100018256771448
100018311352726
100018329710751
100018334451976
100018344298707
100018354075666
100018357346078
100018366197233
100018379144620
100018379398997
100018392852694
100018416325457
100018418025480
100018421476969
100018432378655
100018439021204
100018448214701
100018464855068
100018479144270
100018485953529
100018491911127
100018511337504
100018533766266
100018555766363
100018562264867
100018588617977
100018608706007
100018621247581
100018640210677
100018743311673
100018761531844
100018764439069
100018775389794
100018797043718
100018799507020
100018806554212
100018819486980
100018821083895
100018824741546
100018828226423
100018836835837
100018837011562
100018860197061
100018860357361
100018897194220
100018911684448
100018913997922
100018917864823
100018921379367
100018952749000
100018973001839
100018977148443
100018985419836
100019000140828
100019008783814
100019013610119
100019015724101
100019025075230
100019025114808
100019049862274
100019066870731
100019069357624
100019082102204
100019122963198
100019125768715
100019137271461
100019150232226
100019156574762
100019212887205
100019229764075
100019263903061
100019280808492
100019283590546
100019299643045
100019301076276
100019303328936
100019342775386
100019343021519
100019345573476
100019349287295
100019353378851
100019382761178
100019393748219
100019415742133
100019428163041
100019437672039
100019461582021
100019469655600
100019473586665
100019474565350
100019478929023
100019489680198
100019499508241
100019539788766
100019558354323
100019558984549
100019562436584
100019598410270
100019600864915
100019620873237
100019639204535
100019642639111
100019647907278
100019694701811
100019739625344
100019860047258
100019928386591
100019999427816
100020001078049
100020003640819
100020007640212
100020075388654
100020125441613
100020137144729
100020140458515
100020164234132
100020165749032
100020166018027
100020178979020
100020178999781
100020211827456
100020253484626
100020261948912
100020291535106
100020353747790
100020362471707
100020365333898
100020372854887
100020372976741
100020467577740
100020467662228
100020475992565
100020482005405
100020505915879
100020526852634
100020546861022
100020612773070
100020623953091
100020632872206
100020639272240
100020677096923
100020678358622
100020701636172
100020708080245
100020729226651
100020755772259
100020762554191
100020769843111
100020791152436
100020798804879
100020803605770
100020826994848
100020848590968
100020848600578
100020879901204
100020942883864
100021017132503
100021026124299
100021026559941
100021030437386
100021034067593
100021039009267
100021043234420
100021058083336
100021090256925
100021094877122
100021131341587
100021134499047
100021174452741
100021176980354
100021177030955
100021177240346
100021224107023
100021235932660
100021253149626
100021260712613
100021271156470
100021273069386
100021321191817
100021344094320
100021344901831
100021351015268
100021355657114
100021364684599
100021400814679
100021411972623
100021422034191
100021423101483
100021425651823
100021426681924
100021438454486
100021439482761
100021441900888
100021445621419
100021450824234
100021455434073
100021474581534
100021483946110
100021490397249
100021494495501
100021547153505
100021553950851
100021560331811
100021564013885
100021567943347
100021569253523
100021573903598
100021577595714
100021578956167
100021584015410
100021598327303
100021599776114
100021615697990
100021620940623
100021621451688
100021626322630
100021626688195
100021660554423
100021671184058
100021672350151
100021676332528
100021688253940
100021695330031
100021701169043
100021720532806
100021724879181
100021725747387
100021728897048
100021729344418
100021736404010
100021740805413
100021759050281
100021762693759
100021770269204
100021772878779
100021774251084
100021782779590
100021786972894
100021787267340
100021787942127
100021789365065
100021789829951
100021790971856
100021799330107
100021808808689
100021814214366
100021822666977
100021822781550
100021823620503
100021826338073
100021830029747
100021830105975
100021830771364
100021831728667
100021834406588
100021836323027
100021836411268
100021840158301
100021841452297
100021842814333
100021850653311
100021852942138
100021855152189
100021857376609
100021857800322
100021860477658
100021864827162
100021865610912
100021866228049
100021868812278
100021877665784
100021885602752
100021894250255
100021900035708
100021902136165
100021903413726
100021903641314
100021904455980
100021905280718
100021912434474
100021912500125
100021927861615
100021938462192
100021939292246
100021942732766
100021947170346
100021949486790
100021959449988
100021963103216
100021964801869
100021971828745
100021973334404
100021973988733
100021975769527
100021985461701
100021996725955
100021997651178
100021997814064
100022003022835
100022007916096
100022012740085
100022018238371
100022020467831
100022020615398
100022033715729
100022036035591
100022036193519
100022037094124
100022043544117
100022046580791
100022047983825
100022053736999
100022055196145
100022058994378
100022059502405
100022060040691
100022061806570
100022066502999
100022069755944
100022073810844
100022075388748
100022090004108
100022091988018
100022096414411
100022097380674
100022116909032
100022119892511
100022122604556
100022124134281
100022127659821
100022135780857
100022139862049
100022140188627
100022144863723
100022147581706
100022148989749
100022149434634
100022152053435
100022152728207
100022152771521
100022167514426
100022176142999
100022176322314
100022182471188
100022186221500
100022186236120
100022186395075
100022186929240
100022194242749
100022194403892
100022199681134
100022205647347
100022207749896
100022208213140
100022213717330
100022219853292
100022221262103
100022225193180
100022226781449
100022227997927
100022231862384
100022232225062
100022238044398
100022238495544
100022241432297
100022242121154
100022244890670
100022246295241
100022246575029
100022247014604
100022247826802
100022253680043
100022254185295
100022261514650
100022263469145
100022265420978
100022274047073
100022276095122
100022284314262
100022284882833
100022287982300
100022288021613
100022292194448
100022295452514
100022303191878
100022305789335
100022313453675
100022315534411
100022320163835
100022320876174
100022322092148
100022322679037
100022329188348
100022330638318
100022332157639
100022333846346
100022334611012
100022345805856
100022346573873
100022347305365
100022349655517
100022350038031
100022362246523
100022367689508
100022371014760
100022371562288
100022375322212
100022380743381
100022384132563
100022393444917
100022402247237
100022412222355
100022414213507
100022416968393
100022419825337
100022422073442
100022426066393
100022428594337
100022430192511
100022430419859
100022432130181
100022433886077
100022436466439
100022438596509
100022443639454
100022445864381
100022446199750
100022446256341
100022447337536
100022452045558
100022452531135
100022455426844
100022457522901
100022458382827
100022460372810
100022465920907
100022469258920
100022470493586
100022474276690
100022475587466
100022476071644
100022480402412
100022481073203
100022482783074
100022482909108
100022483275530
100022484886865
100022490352430
100022492023234
100022492396278
100022495500141
100022495740303
100022502553008
100022504963117
100022505983548
100022506589835
100022507008272
100022508962110
100022509832754
100022516661234
100022518078452
100022518680514
100022520252195
100022520687029
100022521736850
100022522583646
100022534146359
100022534308626
100022535193559
100022536250846
100022537313383
100022537456035
100022539847179
100022542304536
100022545735525
100022546573002
100022547840755
100022549733705
100022551504193
100022551935120
100022554602775
100022557492359
100022557559337
100022559201265
100022561625026
100022562252106
100022563570897
100022566010703
100022566306746
100022568300224
100022569049369
100022578635257
100022581724043
100022583133785
100022583179385
100022583944766
100022585664060
100022586502362
100022586508777
100022588081056
100022589794969
100022590842678
100022594006849
100022596226363
100022610031265
100022610442973
100022610991455
100022613244365
100022613565246
100022618329915
100022619802486
100022629384146
100022637222388
100022640812304
100022644620962
100022646569457
100022646919901
100022647969544
100022652227044
100022653997986
100022656521643
100022656533345
100022669771192
100022674082615
100022683167541
100022687265220
100022687650989
100022688850722
100022691976707
100022696774461
100022699217812
100022699927907
100022706387886
100022710334992
100022717369425
100022717433025
100022720230642
100022722090734
100022724673854
100022732295139
100022733653721
100022735323026
100022735427262
100022736885156
100022736915203
100022738580528
100022742091636
100022753873624
100022756043271
100022756193784
100022758196035
100022763880245
100022764586927
100022764730841
100022765325214
100022765701440
100022771740948
100022772135093
100022773437983
100022774656609
100022778179460
100022781832630
100022784502925
100022792221910
100022793537339
100022793838078
100022794438216
100022796272351
100022798000238
100022798428120
100022798652424
100022799013448
100022802987834
100022803518256
100022804369655
100022806494088
100022807149112
100022812340812
100022815394977
100022816901543
100022821433789
100022824782807
100022825720381
100022826445403
100022828203299
100022829287656
100022831521243
100022834187143
100022834369801
100022840324503
100022843274736
100022846540238
100022850805131
100022852700363
100022853981033
100022854253721
100022859090277
100022859163440
100022863491415
100022863571068
100022869571792
100022870246649
100022871918461
100022877048532
100022877621318
100022878484139
100022880950306
100022881271117
100022882446321
100022883263165
100022890651281
100022893969145
100022894517642
100022901471299
100022901656617
100022904742156
100022906006190
100022913070515
100022914196343
100022914499780
100022916080421
100022916822116
100022917437317
100022918896145
100022920932503
100022921744647
100022923468110
100022926980044
100022928025517
100022930802145
100022930895156
100022933700710
100022933716471
100022940211677
100022941404213
100022941520098
100022941851118
100022944621023
100022946177094
100022947672186
100022951290868
100022956791322
100022957951220
100022958611878
100022963382879
100022963622488
100022964619460
100022965075383
100022966061133
100022968240738
100022968324292
100022968849212
100022968900333
100022973841521
100022974586080
100022975234509
100022975834094
100022977002875
100022978470931
100022981425370
100022981952323
100022983112849
100022990074242
100022996431563
100022998363237
100023000040279
100023002156724
100023006027093
100023013132679
100023015113100
100023015543524
100023017471955
100023019548537
100023021316285
100023024941652
100023029367171
100023033340866
100023038233927
100023042970139
100023043740348
100023046492000
100023048001967
100023051180573
100023051970981
100023053295669
100023054490848
100023055254667
100023060986109
100023073053494
100023074907748
100023077602975
100023080745026
100023082492269
100023085801414
100023086042689
100023086733246
100023087332201
100023089479543
100023089666417
100023090287327
100023102493362
100023104820007
100023105208615
100023108842139
100023121844920
100023123264529
100023124485404
100023127784423
100023132640333
100023137103679
100023145225101
100023149203734
100023155153333
100023155248527
100023156478617
100023157887982
100023160279228
100023165033551
100023165821363
100023166054119
100023167960453
100023169751497
100023170713570
100023173267883
100023174898663
100023175402150
100023182807999
100023187196210
100023188761721
100023192262157
100023192750233
100023193201551
100023193798121
100023194216412
100023194758082
100023194973220
100023197163723
100023197611591
100023202071939
100023202499884
100023206431475
100023209907681
100023211967276
100023214482730
100023215817324
100023216663268
100023220254151
100023221186292
100023221214260
100023221551927
100023223311806
100023224249394
100023224924921
100023225254812
100023225381609
100023227249562
100023229758828
100023231108075
100023231558581
100023232665844
100023235180525
100023246571183
100023247824633
100023248551158
100023254810756
100023256463224
100023256497102
100023258777246
100023260280916
100023269811157
100023270684787
100023272187428
100023272603022
100023272759900
100023274068040
100023274706488
100023275935068
100023282446073
100023286051941
100023287411123
100023294357641
100023303197564
100023304645425
100023304820218
100023306792863
100023306811725
100023311362555
100023313890779
100023314666136
100023320790922
100023320905340
100023326339151
100023326668693
100023327123709
100023328828558
100023328974547
100023329730408
100023329756353
100023338854164
100023342661432
100023342770998
100023344141979
100023349438429
100023351643496
100023355647107
100023355690771
100023358698903
100023359274798
100023359311376
100023365628213
100023367219202
100023368712388
100023370654008
100023370664972
100023373126449
100023376859967
100023379764866
100023383273391
100023384718490
100023386361422
100023388671543
100023393002870
100023395236633
100023399801794
100023399956026
100023401492561
100023403288071
100023406841744
100023407249622
100023407551999
100023408451098
100023410085923
100023410926759
100023412553294
100023414604017
100023414844163
100023415019859
100023417814274
100023423633850
100023424409535
100023424579769
100023426812721
100023428238651
100023429653228
100023432683543
100023433263588
100023433406049
100023433761743
100023434230262
100023434262477
100023438118877
100023438861699
100023440470094
100023441342871
100023445073087
100023446155626
100023448933845
100023449806809
100023451966699
100023453838353
100023458846117
100023459205196
100023461178977
100023461521598
100023464666026
100023464700163
100023465414040
100023465745549
100023467325190
100023468297785
100023470472764
100023470995498
100023471706560
100023472185147
100023473332726
100023477528659
100023478816319
100023479665285
100023480704501
100023481015064
100023481106917
100023481426365
100023482514872
100023483384427
100023489232642
100023489556165
100023490218034
100023499826707
100023502289920
100023502847617
100023502936735
100023507412408
100023507719535
100023509415185
100023509981811
100023519047078
100023523262723
100023524471966
100023525497903
100023526249084
100023526703102
100023527414152
100023529734080
100023532969225
100023535991683
100023536008264
100023539959790
100023542374038
100023548666663
100023549947254
100023556973156
100023558478533
100023559485890
100023560338765
100023560470055
100023560853007
100023564465032
100023565398197
100023565562615
100023565874276
100023566550713
100023567152005
100023572040528
100023572460328
100023573051978
100023576439323
100023576850105
100023583731745
100023585025440
100023586726600
100023589943435
100023593544286
100023597658877
100023599155194
100023602926176
100023609772723
100023610997392
100023614328565
100023615524778
100023615798563
100023616618942
100023620579061
100023624624532
100023625442332
100023627243383
100023629540713
100023632515906
100023636642248
100023638236953
100023638902777
100023640962629
100023642152501
100023642800474
100023647894083
100023648538255
100023652092676
100023653302889
100023654145407
100023654835934
100023656899546
100023658681700
100023658984104
100023660580482
100023664995773
100023666798367
100023670272533
100023672195286
100023674843959
100023676825480
100023678953537
100023680339181
100023682289902
100023683071770
100023688680287
100023690391897
100023692250159
100023695352010
100023699171190
100023701234592
100023701995508
100023702707546
100023708017708
100023709651562
100023710084573
100023710422286
100023711450546
100023714511162
100023714833024
100023715198831
100023715945536
100023716003824
100023716935131
100023718162319
100023718228504
100023720709128
100023721562016
100023722209197
100023722813671
100023724651204
100023724907448
100023724946126
100023726633652
100023727210465
100023732648198
100023732649247
100023732743423
100023738977979
100023739395769
100023739425065
100023739789477
100023741081152
100023741899541
100023743266685
100023744940227
100023750928543
100023751608951
100023753677270
100023757320136
100023757360864
100023758133591
100023758964315
100023765053568
100023765708924
100023766398523
100023768626858
100023769885542
100023769999494
100023771152961
100023771258047
100023771863445
100023773600303
100023775914209
100023778433015
100023779794058
100023781292431
100023784142143
100023791051864
100023793180412
100023795956477
100023802381189
100023804686710
100023810513977
100023811614448
100023812864666
100023813924436
100023815146397
100023816310883
100023816772746
100023821601804
100023822361412
100023824124348
100023825370786
100023825423104
100023826632960
100023827336233
100023829322823
100023829849065
100023832882004
100023833080359
100023835302158
100023837430381
100023838203828
100023838827575
100023839189959
100023842953462
100023844278536
100023849025477
100023850526148
100023852145861
100023854038564
100023854904954
100023858782511
100023859320590
100023863364193
100023865408400
100023867743833
100023869461942
100023869779173
100023871420313
100023876176909
100023876377140
100023876552497
100023877050338
100023881543648
100023883069692
100023885103438
100023887012391
100023890760832
100023895004008
100023896099503
100023896423005
100023897409904
100023900572541
100023902591225
100023907469132
100023908536266
100023909554436
100023911351996
100023911446187
100023911560005
100023914307262
100023914576965
100023921653117
100023921826411
100023922101035
100023923361431
100023928290754
100023930675945
100023931120207
100023934600310
100023936271524
100023938431193
100023939582204
100023940048899
100023940751811
100023941494362
100023941502356
100023941761192
100023943250417
100023943863169
100023943872628
100023945883315
100023947125297
100023947359763
100023947455179
100023948143914
100023953936140
100023955107387
100023955280741
100023955679449
100023957051918
100023963345511
100023967743932
100023969272064
100023970090928
100023973454371
100023975481184
100023977790192
100023982474177
100023983268793
100023984737019
100023986337060
100023988543416
100023989083716
100023991348916
100023991365218
100023991887926
100023992728624
100023994074422
100023996163596
100023997683811
100024001114619
100024002161197
100024002178625
100024002595289
100024003823210
100024006104959
100024010117136
100024011714653
100024013457226
100024015648001
100024019419438
100024020830840
100024023520982
100024023894764
100024024077344
100024025096586
100024029684607
100024030787648
100024031849644
100024036227654
100024036791646
100024038024245
100024038542132
100024038719118
100024039331847
100024046551563
100024048225253
100024048305845
100024048348898
100024050550763
100024050923484
100024050993142
100024052212706
100024056539270
100024057254813
100024058871446
100024063437656
100024064549342
100024064722310
100024066873730
100024067324056
100024068093308
100024069375486
100024069517645
100024071356463
100024071885038
100024073013935
100024074170123
100024075015902
100024076390363
100024076554179
100024078667571
100024079279620
100024079831752
100024080850304
100024081193463
100024082159198
100024084019038
100024089811971
100024092405872
100024094746043
100024094911224
100024094912197
100024097321103
100024097500256
100024098380713
100024099062808
100024103211262
100024104960130
100024105998578
100024108703901
100024111667203
100024114976430
100024115176665
100024115638754
100024117095014
100024118385279
100024122177300
100024123194508
100024124293603
100024126304110
100024128537207
100024128894544
100024131392285
100024131402333
100024131836727
100024132286435
100024133000861
100024133213032
100024133282162
100024133424658
100024134289204
100024134838433
100024136175293
100024137134577
100024138215532
100024139381587
100024139763625
100024140243082
100024142158542
100024143104968
100024144436934
100024144586681
100024145464173
100024151719936
100024151776389
100024154160064
100024157323631
100024162194427
100024162393164
100024165489030
100024171131922
100024172811548
100024175743046
100024176781730
100024177082108
100024178222954
100024178542485
100024179410951
100024179585011
100024179688183
100024181006141
100024181836406
100024184120552
100024185483497
100024186551899
100024191148102
100024191252544
100024191297746
100024192421215
100024192878207
100024195500728
100024197991949
100024198458517
100024201185731
100024202242035
100024202727716
100024202800369
100024203223597
100024203952616
100024204952244
100024206806445
100024206864680
100024209850443
100024210878769
100024212026511
100024213136045
100024213300348
100024213366935
100024214680803
100024214759728
100024214950182
100024216304319
100024216397839
100024216945704
100024217759037
100024218031671
100024218225692
100024218829919
100024218839755
100024219963346
100024220022504
100024220126491
100024222318065
100024222361245
100024223786392
100024225526881
100024226487912
100024226518773
100024226636370
100024230010469
100024232123652
100024232970968
100024233733544
100024234009838
100024236776974
100024240672175
100024243480619
100024243884004
100024244099615
100024249011414
100024249640789
100024251922666
100024253662078
100024254918228
100024255738256
100024259360267
100024259562289
100024259754453
100024260194229
100024260963248
100024263089645
100024263389154
100024264919118
100024266460319
100024266736895
100024267139319
100024268192302
100024268420143
100024273184320
100024273983230
100024275207118
100024277297487
100024280422192
100024282501603
100024282681006
100024284350307
100024285106362
100024286890763
100024288940265
100024289416669
100024290168780
100024291001880
100024291017833
100024291623580
100024293690569
100024294196254
100024294225738
100024294225844
100024294864273
100024295972816
100024296177838
100024297278789
100024297480206
100024297790408
100024298421060
100024298840759
100024299823069
100024301084490
100024302771116
100024307149766
100024308803871
100024309558269
100024310652096
100024311202424
100024312250207
100024313671735
100024313685278
100024314050572
100024317671091
100024317820676
100024318081661
100024318374998
100024319492404
100024320284363
100024320569005
100024320691524
100024325415506
100024326340579
100024326704636
100024327169080
100024327900956
100024328612345
100024329802369
100024330734981
100024331433376
100024335685542
100024336210719
100024337185172
100024338584174
100024339741475
100024341082501
100024341460509
100024343042563
100024344676685
100024345212622
100024345703132
100024346090301
100024346305261
100024346478077
100024346610967
100024348254994
100024350109913
100024351061380
100024351424360
100024354663700
100024355224033
100024355776085
100024356147594
100024356840831
100024360498466
100024361427199
100024361831026
100024363066540
100024364072212
100024364995542
100024365196632
100024367281490
100024368254716
100024370088647
100024372040406
100024372174247
100024372861181
100024374979184
100024375284259
100024377150320
100024378124838
100024380478512
100024381708935
100024385561688
100024385565959
100024386663966
100024388576864
100024388865621
100024389262757
100024391031849
100024391304722
100024392076466
100024393101714
100024398414656
100024401333282
100024401460457
100024403233335
100024405624054
100024405723142
100024406305666
100024406357572
100024406695356
100024406800790
100024407302629
100024409127111
100024409402326
100024409657113
100024411107088
100024411703441
100024411703690
100024415281750
100024421838530
100024423082628
100024426802019
100024427788054
100024430596702
100024431163147
100024431537197
100024431684129
100024432111103
100024433428196
100024433515961
100024435043915
100024437376791
100024438370183
100024438620133
100024438693222
100024438735041
100024439385348
100024441909411
100024444707977
100024447623683
100024448879916
100024449412873
100024450330519
100024451504219
100024451607003
100024452841126
100024453427390
100024454247437
100024454578760
100024455115920
100024455294463
100024456112143
100024456201991
100024456467476
100024457183339
100024459485435
100024459515543
100024460518254
100024460715621
100024461462084
100024464297791
100024465611185
100024465755627
100024465793014
100024466005540
100024466365534
100024466472901
100024467810235
100024467814064
100024470732984
100024471465451
100024471591832
100024473404507
100024476019278
100024477290714
100024478650422
100024479433376
100024480763063
100024482079714
100024482351549
100024482380537
100024482775596
100024483577919
100024483905493
100024484282786
100024484303484
100024484388369
100024484820340
100024485627160
100024486472437
100024486917993
100024487583731
100024487772902
100024488650342
100024489464304
100024489738167
100024490703344
100024492354150
100024492436954
100024492859126
100024493414877
100024494471230
100024495803979
100024497124252
100024497272090
100024497620786
100024497741590
100024500386392
100024501189047
100024501496411
100024502212636
100024502610186
100024503438528
100024503754179
100024504349821
100024505806351
100024506650091
100024507339575
100024511064548
100024511778687
100024512057609
100024512348896
100024514068674
100024515076714
100024515283159
100024515490612
100024516186827
100024516668460
100024518920501
100024519400590
100024522859373
100024522885683
100024523447854
100024523448021
100024523606551
100024523956113
100024525433806
100024525458027
100024525947947
100024526489477
100024527358345
100024527510745
100024527644875
100024527736268
100024528136798
100024528541262
100024528841129
100024530078914
100024530329654
100024532994460
100024533270413
100024533676491
100024536000246
100024536436952
100024537128294
100024537611268
100024541204659
100024541354801
100024541870433
100024542074226
100024542163192
100024544480201
100024544802323
100024545202086
100024545528887
100024546124640
100024549292337
100024549495407
100024550068736
100024554540804
100024555501119
100024556366584
100024556697594
100024557179482
100024559384696
100024561640734
100024562314218
100024563192963
100024563736664
100024566537628
100024567153523
100024567847974
100024567887787
100024568491617
100024568563618
100024569140331
100024569440042
100024570196653
100024572060588
100024573858162
100024573995047
100024574844565
100024575280488
100024577239282
100024577546159
100024578940531
100024580292117
100024581402017
100024581773919
100024585660343
100024587028781
100024587412409
100024587712522
100024588011963
100024590420292
100024591677614
100024593573786
100024594542874
100024596055288
100024596438436
100024597619201
100024600258015
100024600319491
100024600811677
100024601051976
100024601577604
100024601716278
100024602555384
100024602618156
100024603937602
100024607274123
100024607632210
100024608438101
100024608462586
100024609874559
100024611263236
100024612905856
100024614130691
100024615167443
100024615644387
100024616036624
100024616172261
100024616268743
100024616460045
100024617260307
100024617612633
100024618579865
100024619266193
100024620016551
100024620022212
100024620650358
100024622069668
100024622161809
100024624542719
100024625926238
100024627911245
100024628689241
100024630039679
100024630482736
100024631296201
100024634745940
100024635179661
100024635416939
100024635618245
100024636983262
100024637144753
100024637863809
100024638022046
100024638130066
100024641325482
100024645737511
100024647101788
100024648195851
100024649275977
100024649290984
100024650049856
100024652322852
100024654759639
100024655325872
100024655632248
100024658809582
100024660392363
100024661703236
100024662314916
100024662316495
100024665552229
100024668198571
100024669186656
100024670398516
100024671532202
100024673503442
100024673964241
100024674160098
100024675635676
100024675962137
100024676194288
100024677222976
100024680858728
100024681600386
100024682264785
100024682470589
100024682592299
100024684831575
100024684960964
100024686992508
100024687470902
100024688004396
100024688117739
100024689051785
100024689448184
100024690350874
100024690606564
100024690767363
100024690891503
100024691450783
100024692409139
100024693707685
100024693825046
100024694605482
100024695529223
100024696817044
100024698820759
100024699432691
100024700156842
100024700780608
100024701441672
100024703355869
100024705063553
100024705425994
100024705990913
100024708546152
100024708879470
100024708903342
100024710796772
100024712427332
100024713746890
100024715312593
100024717040216
100024717077158
100024718187058
100024718775766
100024721779784
100024722423664
100024724183662
100024725813303
100024726675948
100024727307621
100024727382937
100024728556901
100024729917583
100024730026329
100024730600328
100024732642185
100024733328321
100024734475127
100024734941675
100024735884757
100024736123088
100024738111482
100024738458789
100024743255531
100024743333045
100024743442768
100024743661902
100024744343619
100024746064017
100024747915545
100024749571211
100024750278133
100024750440134
100024751658938
100024753969508
100024755139516
100024756919068
100024759757619
100024760059096
100024761614649
100024761806912
100024762164939
100024762974035
100024764930764
100024766461593
100024768192690
100024768736657
100024769428284
100024771702038
100024771795079
100024772245365
100024772923384
100024775724227
100024776553227
100024778564144
100024778607541
100024779774909
100024781784957
100024782292702
100024782348870
100024782461304
100024783368770
100024783516562
100024784147984
100024784551881
100024785071444
100024790777767
100024791023174
100024791563513
100024791762965
100024791931714
100024791993089
100024795454557
100024796842652
100024798763602
100024799356933
100024803257909
100024804135648
100024806621169
100024807046882
100024807551055
100024807726918
100024807854763
100024809180217
100024809417077
100024809584899
100024810847459
100024811119171
100024811126070
100024812674990
100024815144429
100024815235333
100024815268800
100024816134846
100024816254135
100024820389122
100024820727298
100024821662470
100024821837304
100024823939191
100024825066800
100024825524728
100024825702492
100024827778985
100024829281455
100024830649339
100024830672607
100024832283048
100024833292163
100024833374405
100024834233307
100024834524544
100024837062690
100024837995590
100024838463157
100024840022875
100024840347830
100024841982615
100024842010502
100024845134846
100024846331157
100024846350559
100024847204048
100024849812024
100024850071675
100024850149111
100024852232619
100024854109565
100024856802266
100024857226901
100024858109957
100024858126498
100024858467657
100024858608972
100024859418319
100024859805948
100024860059346
100024860721401
100024860734669
100024860824787
100024862817250
100024863582177
100024864077754
100024864517109
100024864873987
100024866282655
100024866529008
100024867431880
100024867582640
100024868940197
100024868992225
100024869032420
100024869930482
100024871374306
100024871552922
100024876549060
100024878063924
100024878078049
100024878302981
100024880984210
100024881831845
100024881952731
100024882438934
100024882820962
100024885756466
100024886026164
100024886054580
100024888344798
100024888812295
100024891551325
100024891754634
100024892090657
100024892351086
100024892485396
100024892500617
100024893145338
100024893851718
100024894762288
100024897523000
100024898266857
100024901217320
100024903275778
100024903474277
100024905270275
100024905384896
100024905462591
100024905679576
100024907776263
100024908678680
100024908853187
100024909812940
100024910179647
100024914331962
100024915321318
100024915510004
100024915661922
100024915755873
100024918278301
100024918402794
100024919990369
100024920074827
100024920572175
100024920880058
100024921203397
100024921750762
100024922123804
100024923780424
100024924161267
100024926242642
100024927135021
100024928372867
100024928910761
100024930443067
100024931552314
100024932272671
100024933829714
100024935042595
100024936344571
100024936544749
100024936588317
100024936800969
100024937933171
100024938021233
100024938559759
100024941800820
100024942103201
100024943147101
100024944141403
100024947258684
100024948856577
100024948979894
100024949351834
100024949761372
100024952413262
100024953354475
100024953415370
100024953440030
100024953723656
100024956013193
100024956771595
100024956827978
100024957637436
100024958271553
100024958960053
100024959042493
100024959948644
100024960830925
100024961509973
100024962510206
100024963514226
100024963722131
100024964238049
100024967293778
100024968374486
100024968524490
100024968543310
100024971079144
100024971150457
100024973994667
100024974123121
100024975589128
100024976094428
100024976471730
100024976884253
100024977256616
100024977572145
100024980852452
100024982191538
100024982272073
100024982427004
100024983198569
100024983417084
100024983451425
100024984646621
100024984760281
100024985393753
100024986090128
100024986562297
100024991087452
100024991871579
100024992527064
100024993663443
100024993768222
100024994721046
100024995928740
100024997382733
100024997504856
100024997599111
100024999341070
100025000275569
100025001228047
100025001409239
100025001763727
100025003899939
100025004840079
100025005014937
100025005141408
100025007393160
100025008039596
100025008194345
100025009695851
100025011228114
100025013208892
100025014426479
100025014523190
100025014710874
100025016784198
100025017017247
100025017408951
100025017615760
100025018310767
100025019882278
100025019925494
100025019991028
100025020112743
100025020319218
100025022002913
100025022435034
100025023017942
100025023570618
100025024743342
100025024790473
100025025872755
100025027156302
100025028504157
100025028583198
100025028800327
100025030248893
100025030509865
100025030824071
100025031072642
100025032292262
100025032495438
100025033309771
100025033815242
100025034946135
100025035141876
100025035331995
100025035612795
100025036149087
100025036171054
100025036279032
100025036599580
100025036820701
100025036830611
100025038062861
100025038438701
100025040325050
100025040508028
100025041260686
100025041670362
100025042486797
100025043061492
100025043199288
100025043345503
100025044787623
100025045280078
100025047786733
100025048333222
100025048852682
100025049563936
100025049778131
100025050233019
100025050259916
100025050532654
100025050615457
100025052649085
100025055747067
100025055823115
100025055855265
100025056068469
100025057848979
100025060956855
100025063398091
100025063399997
100025063899175
100025064564645
100025064618789
100025064716127
100025064900235
100025065289609
100025065500549
100025065589242
100025065724621
100025066374145
100025066503316
100025066792239
100025066884380
100025067393683
100025067451474
100025068511934
100025068915761
100025069337934
100025069866813
100025070287435
100025071044628
100025071249438
100025072072818
100025072087699
100025073060941
100025073407174
100025073573006
100025074070347
100025076592576
100025079414034
100025080340998
100025081025469
100025081344385
100025081628004
100025082205968
100025083644016
100025083753263
100025084010686
100025084336055
100025084487511
100025085828842
100025086548255
100025087746608
100025087802515
100025088412039
100025088419134
100025088650510
100025089136128
100025090750183
100025092547415
100025092800744
100025093184428
100025093878596
100025093966394
100025094771410
100025095245021
100025095309679
100025095309732
100025095512626
100025096269763
100025096753923
100025097654286
100025098410651
100025100377770
100025101009141
100025101142727
100025101304702
100025101322432
100025102721746
100025103934306
100025105179392
100025105959389
100025106029713
100025106387742
100025106892406
100025108113031
100025108145758
100025108205094
100025110614060
100025111303920
100025111304321
100025111582706
100025112497560
100025112604330
100025113064603
100025113620558
100025114212334
100025114484840
100025115718842
100025116330491
100025116858180
100025117091524
100025118202426
100025118432279
100025118723156
100025119306618
100025119489874
100025120132633
100025120390890
100025120430454
100025121092393
100025121145503
100025121986162
100025122672623
100025123035189
100025123310192
100025123960234
100025124654100
100025124654523
100025124885827
100025125436783
100025126613849
100025127115039
100025127163606
100025127171500
100025127955985
100025129419350
100025129448676
100025129512673
100025129670459
100025130062450
100025130211581
100025131084382
100025133622556
100025135861829
100025135988194
100025136088849
100025136170169
100025136183355
100025136502498
100025139648793
100025139782892
100025140037138
100025140367353
100025140967763
100025141084288
100025141357243
100025141511599
100025142708511
100025143021043
100025143046126
100025143676531
100025144852388
100025144936374
100025144969211
100025145617030
100025145913004
100025146263213
100025146650537
100025146863991
100025147401261
100025147522789
100025149413013
100025150007904
100025150690683
100025150749679
100025151343016
100025151730676
100025152076087
100025152343120
100025152709364
100025152952466
100025152992716
100025153004325
100025153716662
100025153746729
100025153775206
100025155018012
100025155846419
100025156538850
100025157290614
100025157884849
100025158220759
100025158666687
100025158996877
100025159131427
100025159820311
100025160715978
100025161352909
100025161532025
100025161556628
100025161877417
100025162820921
100025162832942
100025163352129
100025164050249
100025164065029
100025164382479
100025164395159
100025165460537
100025165935628
100025166435232
100025167442751
100025168216484
100025168463999
100025168623016
100025168864593
100025169047126
100025169239877
100025169446024
100025169566641
100025169929800
100025170163124
100025170741774
100025170760728
100025171894359
100025172059737
100025172533533
100025172798439
100025173829408
100025173913781
100025174787000
100025175087731
100025175256372
100025176309428
100025176768384
100025176862651
100025177423538
100025177518148
100025177830674
100025178778158
100025178949209
100025178964002
100025178973247
100025181662295
100025181833472
100025181910104
100025182556760
100025182879957
100025184362383
100025184404865
100025184899799
100025186133846
100025186596631
100025186711031
100025187587291
100025187690323
100025187710565
100025187822199
100025188079885
100025188424804
100025189097878
100025189183442
100025189215012
100025189250708
100025189701524
100025190267257
100025190484311
100025190490346
100025190896893
100025191160973
100025191893610
100025192334788
100025192486720
100025193063229
100025193471362
100025194183368
100025195151331
100025195530772
100025196032897
100025197405827
100025197585926
100025197840490
100025198063321
100025198091182
100025198273704
100025198613667
100025198867124
100025198904107
100025198934851
100025199987113
100025200152825
100025200573467
100025200981386
100025201213730
100025201780302
100025201880453
100025202199839
100025202628521
100025202752520
100025203234227
100025203282244
100025203319089
100025203471877
100025203588053
100025203787568
100025204673751
100025205089930
100025205108974
100025205475844
100025205490041
100025206563463
100025206851371
100025208495925
100025208544138
100025209162818
100025209322763
100025209551160
100025209570192
100025209797220
100025210734021
100025211023698
100025211072292
100025211947483
100025213252792
100025213291150
100025213874715
100025214205901
100025214590038
100025216971654
100025217154038
100025218202287
100025218714261
100025218863883
100025219877002
100025220124083
100025220591888
100025220612950
100025220716434
100025220718916
100025220820616
100025220856996
100025221467585
100025221492972
100025221965291
100025223119936
100025223150490
100025223451825
100025223471498
100025223634027
100025224300472
100025225861721
100025225992423
100025226484108
100025226582186
100025226629458
100025227274542
100025227833096
100025227997347
100025228373422
100025228506052
100025228992652
100025229331903
100025229436401
100025229451493
100025229767820
100025230219272
100025230279809
100025230384068
100025230489447
100025230672390
100025231361782
100025231672711
100025231851369
100025232032375
100025232804371
100025234398248
100025234581234
100025234725057
100025234806690
100025235894055
100025236323457
100025236436006
100025236593769
100025236669809
100025236726853
100025237186396
100025237505689
100025237942724
100025237971303
100025238183410
100025238953634
100025239733277
100025240012181
100025240185068
100025240722567
100025240822097
100025240905400
100025241135189
100025241184086
100025241363630
100025241723896
100025241837342
100025241865707
100025242131566
100025242951450
100025243121524
100025243210142
100025243281164
100025243476515
100025243485258
100025243552731
100025243942817
100025244132330
100025244272583
100025244775484
100025245054128
100025245069801
100025245493367
100025245522100
100025245800113
100025246549833
100025246574120
100025246969241
100025246999797
100025247021875
100025247409392
100025247480113
100025247508382
100025247689883
100025248022144
100025250254554
100025250660660
100025250809102
100025251064478
100025251319541
100025251453277
100025251739895
100025251740427
100025252249433
100025252518493
100025252764331
100025253057383
100025253199494
100025253317404
100025253640077
100025253826569
100025253901115
100025254289935
100025254677792
100025254829896
100025254993516
100025255068051
100025255177142
100025255374138
100025255696911
100025255845762
100025256164546
100025257693045
100025257768643
100025257974199
100025258062317
100025258337453
100025258354198
100025258410394
100025258533878
100025258548780
100025258663827
100025258893808
100025259112692
100025260690380
100025260734341
100025261004929
100025261040069
100025261327753
100025261963978
100025261999856
100025262064223
100025262325608
100025262417749
100025262595184
100025262688335
100025262791303
100025262855422
100025263202296
100025263863714
100025263889508
100025264033460
100025264998612
100025265101266
100025265177189
100025265203484
100025265287622
100025265568052
100025265979855
100025266347433
100025266557625
100025266570979
100025266652666
100025266782548
100025266918269
100025266947788
100025267116863
100025267430078
100025268251004
100025268327912
100025268362078
100025268383320
100025268465752
100025268478075
100025268611214
100025268829561
100025268959487
100025268993709
100025269240229
100025269609249
100025269617989
100025269669735
100025269782376
100025269818487
100025269870083
100025269915362
100025270543473
100025270901433
100025271627687
100025272258017
100025272350256
100025272521464
100025272559737
100025272585680
100025272791132
100025273024496
100025273065288
100025273476807
100025273573484
100025273608487
100025273640963
100025273941216
100025274062303
100025274076322
100025274088766
100025274391198
100025274808879
100025274834576
100025275468826
100025276065039
100025276068249
100025276212947
100025276307631
100025277074555
100025277134662
100025277490424
100025277732030
100025277749852
100025278230402
100025278350621
100025278392489
100025278676663
100025278886163
100025279021611
100025279426140
100025279481658
100025279656932
100025279837342
100025279876421
100025280079340
100025280438099
100025280959844
100025281173500
100025281399006
100025281501728
100025282005392
100025282006642
100025282119236
100025282463564
100025282871132
100025282911938
100025283599097
100025284090190
100025284136372
100025284155174
100025284373346
100025284707353
100025284707574
100025284766958
100025284939744
100025285115942
100025285292570
100025285513990
100025285605972
100025285635077
100025285663453
100025285800567
100025286349046
100025286379756
100025286417366
100025286574064
100025286641070
100025286670843
100025286707752
100025286896970
100025287121388
100025287226179
100025287362375
100025287704960
100025287799614
100025287817015
100025287851463
100025287893368
100025287903092
100025287930625
100025287936798
100025288142437
100025288537455
100025288843450
100025289044690
100025289212016
100025290171365
100025290222530
100025290563705
100025290615156
100025290824347
100025290916615
100025291011238
100025291070938
100025291311244
100025291960698
100025292048851
100025292524827
100025294004002
100025294093958
100025294179021
100025294245832
100025294490118
100025294703017
100025295028619
100025295063335
100025295253692
100025295719898
100025295868313
100025295895835
100025296213622
100025296481251
100025296589265
100025296827872
100025296990362
100025297004785
100025297082733
100025297249614
100025297605197
100025297715372
100025297722923
100025297742895
100025297909109
100025298071339
100025298113652
100025298447208
100025298681716
100025298765017
100025298867941
100025299187377
100025299226071
100025299378180
100025299425931
100025299559588
100025299999123
100025300119398
100025300152670
100025300236585
100025300394949
100025300399941
100025300638728
100025301153593
100025301192728
100025301508223
100025301543386
100025301763076
100025302017298
100025302151335
100025302365667
100025303111414
100025303481733
100025303851808
100025303870727
100025303992744
100025304347170
100025304444966
100025304658919
100025305053839
100025305113036
100025305854447
100025306102102
100025306127926
100025306278486
100025306363069
100025306414593
100025306530126
100025306931989
100025306932545
100025307314863
100025307713514
100025307884644
100025308822788
100025308823034
100025308944828
100025309192983
100025309351769
100025309461676
100025309638418
100025309718278
100025309846953
100025310211125
100025310514377
100025310526078
100025311262317
100025311469429
100025312032426
100025312342590
100025312758324
100025312813778
100025313047321
100025313315494
100025313419505
100025313513525
100025313580282
100025313680853
100025313719728
100025314277259
100025314504142
100025314533614
100025314551591
100025314557098
100025314822145
100025315037476
100025316153016
100025316287174
100025316513312
100025316993427
100025317135794
100025317336892
100025317503498
100025317585418
100025317587208
100025317737634
100025318371795
100025318399383
100025318842728
100025318971926
100025319029679
100025319551096
100025320136368
100025320256708
100025320261796
100025320443743
100025320563782
100025320676928
100025320712847
100025320860191
100025320979959
100025321223380
100025321230557
100025321244473
100025321492656
100025321504683
100025321609316
100025321638912
100025321770557
100025322051405
100025322182728
100025322539565
100025322587368
100025322612009
100025322710847
100025323172718
100025323529328
100025323533342
100025323814533
100025324328539
100025324622537
100025324716973
100025324810686
100025324850232
100025324956468
100025325201313
100025325328370
100025325420445
100025325436489
100025325722435
100025325772534
100025325774917
100025325802543
100025325989249
100025326051586
100025326051668
100025326380674
100025326620724
100025326721681
100025326950486
100025326952905
100025327066633
100025327102004
100025327124184
100025327238845
100025327382116
100025327391826
100025327432653
100025327545979
100025327731822
100025327749364
100025327756839
100025327821359
100025327905847
100025327937705
100025328079351
100025328271636
100025328378405
100025328392158
100025328419381
100025328420054
100025328439850
100025328462674
100025328505752
100025328510374
100025328541461
100025328921327
100025328933239
100025329319720
100025329590028
100025329734776
100025329801065
100025329890862
100025329970604
100025330068900
100025330125383
100025330220586
100025330239651
100025330251385
100025331031570
100025331529771
100025331530660
100025331745052
100025332052363
100025332263403
100025332441252
100025332609687
100025332621051
100025332752496
100025332855464
100025333095738
100025333159111
100025333190744
100025333430974
100025333553178
100025334854668
100025335007132
100025335041187
100025335441019
100025335876307
100025336186438
100025336192032
100025336241776
100025336371174
100025336482563
100025336628298
100025336820635
100025336820891
100025336851876
100025337116544
100025337229488
100025337391318
100025337451042
100025337453175
100025337798511
100025337960706
100025337978947
100025337991344
100025338081047
100025338338715
100025338432808
100025338441337
100025338608101
100025339009355
100025339057428
100025339692743
100025339776160
100025339809031
100025340116702
100025340199351
100025340320860
100025340358198
100025340374270
100025340496883
100025340599943
100025340810549
100025341016225
100025341061008
100025341080564
100025341342335
100025341366163
100025341409197
100025341525085
100025342329667
100025342370343
100025342612086
100025342729900
100025342771596
100025343348272
100025343768333
100025343887935
100025343918343
100025343960628
100025344020247
100025344350426
100025344500319
100025344560057
100025344639341
100025344823466
100025344848127
100025344943754
100025344950130
100025344950372
100025345502955
100025345661351
100025345814616
100025345987636
100025346209693
100025346599222
100025346617751
100025346741614
100025346749311
100025346796473
100025346869014
100025347077050
100025347348904
100025347392999
100025347469247
100025347576370
100025347611447
100025347739145
100025347799065
100025347992783
100025348249789
100025348280840
100025348459109
100025348602964
100025348716623
100025348878884
100025349370421
100025349566914
100025349900825
100025349989226
100025350141164
100025350289508
100025350364604
100025350424488
100025350439971
100025350616960
100025350781512
100025350966997
100025351024721
100025351026549
100025351039282
100025351144919
100025351746625
100025351789162
100025351807015
100025352000217
100025352899408
100025353039997
100025353077485
100025353411085
100025353649286
100025354745194
100025354994870
100025355018736
100025355059500
100025355238940
100025355671248
100025356048938
100025356099594
100025356224744
100025356229178
100025356378847
100025356411009
100025356738760
100025356799715
100025356825993
100025356858604
100025356978595
100025357209096
100025357216944
100025357576288
100025357772701
100025357804290
100025357932578
100025358058617
100025358350927
100025358468742
100025359046733
100025359259986
100025359517323
100025359702741
100025359740258
100025359822563
100025359858352
100025360094610
100025360219257
100025360338063
100025361045676
100025361090357
100025361252603
100025361387892
100025361492250
100025361793608
100025361944219
100025361952138
100025362190669
100025362199063
100025362259209
100025362587057
100025362605248
100025362856791
100025362942525
100025363277684
100025363304739
100025363426996
100025363516913
100025363571571
100025363846662
100025363907397
100025364290932
100025364318594
100025364357036
100025364439603
100025364475719
100025364537902
100025364627372
100025364929207
100025365047006
100025365167335
100025365694304
100025365947058
100025366084370
100025366090843
100025366234369
100025366269861
100025366452466
100025366489065
100025366513331
100025366748019
100025367012826
100025367059008
100025367230682
100025367419260
100025367447530
100025367767078
100025367773121
100025367884301
100025367958958
100025368030615
100025368074860
100025368463295
100025368572763
100025368827254
100025368909740
100025369005311
100025369410345
100025369724720
100025369781445
100025369786838
100025369935056
100025370160912
100025370568863
100025370598869
100025371017097
100025371184142
100025371249088
100025371346963
100025371468766
100025371750576
100025371761103
100025371815956
100025371887171
100025371946520
100025372025285
100025372215005
100025372306989
100025372509433
100025373054300
100025373266377
100025373285295
100025373353241
100025373536628
100025374014869
100025374270076
100025374408677
100025374676377
100025374721653
100025374729957
100025374905628
100025375118353
100025375124248
100025375336819
100025375636452
100025376045589
100025376526740
100025376624147
100025376732088
100025376776855
100025376862569
100025377040330
100025377093411
100025377517332
100025377675127
100025377844613
100025377915215
100025377976961
100025378007132
100025378126828
100025378209054
100025378545079
100025378871075
100025379048819
100025379854791
100025379943532
100025380095954
100025380375092
100025380464846
100025380584966
100025380615049
100025380879163
100025381456189
100025381601003
100025381816925
100025382141386
100025382282442
100025382557211
100025382616778
100025382617084
100025382762405
100025383553269
100025383640414
100025383660260
100025383692328
100025383783135
100025383795520
100025384082116
100025384245182
100025384300719
100025384414054
100025384632470
100025384722532
100025384808838
100025384964941
100025385262602
100025385320680
100025385326688
100025385503274
100025385624963
100025385739161
100025385763728
100025385774879
100025385897126
100025385974347
100025386015550
100025386281259
100025386333361
100025386698212
100025386795335
100025387352219
100025387479227
100025387964293
100025387982863
100025388167248
100025388174659
100025388205104
100025388324168
100025388624828
100025388676929
100025389152016
100025389816307
100025389944098
100025390003093
100025390242025
100025390486293
100025390544254
100025390690191
100025390896266
100025390923936
100025391015966
100025391017032
100025391232585
100025391341347
100025391354336
100025391354422
100025391624142
100025392301956
100025392304699
100025392494095
100025392556024
100025392698846
100025392751253
100025393231111
100025393244081
100025393387656
100025393482668
100025393722919
100025393723023
100025393753277
100025393905285
100025393933219
100025394043240
100025394311734
100025394413244
100025394497076
100025394854676
100025394941188
100025395012420
100025395370538
100025395612890
100025395643183
100025396029529
100025396033502
100025396080402
100025396213543
100025396449851
100025396566969
100025396623147
100025396813195
100025396903131
100025397022958
100025397532901
100025397713273
100025397821748
100025397827749
100025397982383
100025398014889
100025398093012
100025398451134
100025398758845
100025399081578
100025399577749
100025399687728
100025399724953
100025399873010
100025399873253
100025400081636
100025400113606
100025400231362
100025400290731
100025400370364
100025400473246
100025400652965
100025400850130
100025400946604
100025401180287
100025401611327
100025401784683
100025401900030
100025402424542
100025402561236
100025402662752
100025402752513
100025402801106
100025402813629
100025403194366
100025403226421
100025403261906
100025403680983
100025403760107
100025403768052
100025403802350
100025404484647
100025404672228
100025404944491
100025405151977
100025405208514
100025405210681
100025405294564
100025405330594
100025405869725
100025405992221
100025406408404
100025406495899
100025406714292
100025407132033
100025407182397
100025407251837
100025407365653
100025407484281
100025407552908
100025407606212
100025407843491
100025408353480
100025408384594
100025408480788
100025408537005
100025408923416
100025409048924
100025409081153
100025409106466
100025409320840
100025410012835
100025410248595
100025410461131
100025410753114
100025410760886
100025410878909
100025411411006
100025411840712
100025411900751
100025412201563
100025412321060
100025412500545
100025413031362
100025413250815
100025413277368
100025413510650
100025413971006
100025414572922
100025415167426
100025415230815
100025415440701
100025415527041
100025415826530
100025415830666
100025416036507
100025416066710
100025416460754
100025416514728
100025416725137
100025417051439
100025417622776
100025417928069
100025417984504
100025418162487
100025418259436
100025418372111
100025418378507
100025418382697
100025418409207
100025418409296
100025418469414
100025418650978
100025418736396
100025419010877
100025419250847
100025419270078
100025419400453
100025419610400
100025419756438
100025419820490
100025420021079
100025420182493
100025420383664
100025420717812
100025420740783
100025420804994
100025420868735
100025420901177
100025421231054
100025421260065
100025421436463
100025421470299
100025421910806
100025422010284
100025422130038
100025422272504
100025422490377
100025422670421
100025422754723
100025422760433
100025423417967
100025423451880
100025423837623
100025424409479
100025424433554
100025424555426
100025424559468
100025424733971
100025425033627
100025425279815
100025425451953
100025426267487
100025426598842
100025426832300
100025427080760
100025427287659
100025427370976
100025427497080
100025427797200
100025428249222
100025428455462
100025428519097
100025428878831
100025428940672
100025428991024
100025429028072
100025429208493
100025429388828
100025429563082
100025429627226
100025429712351
100025429778556
100025429867550
100025431068711
100025431153024
100025431218506
100025431398613
100025431608382
100025432144529
100025432180640
100025432750521
100025433049650
100025433110523
100025433314508
100025433708296
100025433739884
100025433828464
100025434069314
100025434278044
100025434392058
100025434638578
100025434819244
100025434842275
100025434964525
100025435420458
100025435501863
100025435568324
100025435628900
100025435810018
100025435860460
100025435894518
100025435960063
100025436617855
100025436648346
100025436860162
100025437579977
100025437607987
100025437787626
100025437823404
100025438029661
100025438090124
100025438147849
100025438208054
100025438209794
100025438473706
100025438920506
100025439047715
100025439617556
100025440150360
100025440277482
100025440333496
100025440369642
100025440458822
100025440482304
100025440571140
100025441320361
100025441746663
100025441954436
100025442196715
100025443188521
100025443427772
100025443668696
100025443786836
100025443814101
100025443844109
100025443997289
100025444501140
100025444591391
100025445107998
100025445282598
100025445495336
100025446126491
100025446787225
100025446936390
100025447146673
100025447266359
100025447388612
100025447476438
100025447536027
100025448047527
100025449278384
100025449784628
100025450116586
100025450206328
100025450206756
100025450416400
100025450626110
100025450656765
100025450802744
100025451106600
100025451762549
100025451765939
100025451914352
100025452426079
100025452725835
100025452903298
100025453113771
100025453804786
100025453806264
100025454131900
100025454287877
100025455063034
100025455422213
100025455516660
100025455787655
100025456504608
100025456654714
100025456714734
100025456891090
100025456894918
100025457824697
100025457913054
100025458604459
100025459056026
100025460435181
100025460464822
100025460764825
100025461514224
100025461546684
100025461754779
100025462890509
100025463136524
100025463194553
100025463316527
100025463764284
100025463796587
100025463882135
100025464065794
100025464090035
100025464364103
100025464934329
100025464934546
100025465115687
100025466014959
100025467422128
100025467631481
100025467814499
100025468143975
100025469012395
100025469013819
100025469462071
100025469704113
100025471291892
100025471383892
100025472102554
100025472133100
100025472282508
100025472432893
100025472462516
100025472614874
100025472852755
100025473034715
100025473063029
100025473183752
100025473601478
100025473664704
100025474651076
100025474743412
100025474803631
100025474830926
100025475043002
100025475222687
100025476483704
100025476784695
100025477321009
100025477621129
100025478222563
100025478462495
100025478612585
100025478821079
100025479092515
100025479574455
100025479694561
100025479782814
100025479937800
100025479994493
100025480114412
100025480142518
100025481222599
100025481402161
100025481582268
100025481882669
100025482092199
100025482182608
100025482812040
100025483050449
100025483082403
100025483232003
100025483384084
100025483414208
100025483771701
100025484281839
100025484641859
100025484943649
100025485091188
100025485423833
100025485481193
100025485511311
100025485541897
100025485751608
100025485841323
100025487670452
100025487670722
100025488571653
100025488690962
100025488720776
100025490041207
100025490880751
100025491420403
100025492350678
100025492531027
100025492562652
100025492650527
100025492650813
100025493280691
100025493340561
100025493670847
100025494090686
100025494090952
100025494240627
100025494270745
100025494810754
100025495052584
100025495080349
100025495982521
100025497212347
100025497270129
100025497360376
100025497600746
100025498412093
100025499400197
100025499763190
100025499882019
100025504140351
100025506870242
100025510080253
100025512180147
100025512579421
100025513380047
100025538625102
100025559960824
100025609398908
100025623098980
100025671452564
100025682447330
100025719848594
100025724622720
100025744834300
100025766136931
100025867116158
100025878492704
100025881921598
100025885607811
100025903006276
100025947013425
100025959135094
100025960656359
100025961557779
100025965983192
100025988046414
100026031648948
100026049252849
100026093362227
100026155502620
100026162253811
100026184634442
100026193644902
100026215128585
100026301369567
100026305909513
100026343005660
100026345054014
100026354350211
100026375642652
100026386453788
100026421405822
100026422518081
100026437781536
100026444081946
100026471239783
100026508783755
100026534761226
100026544799673
100026557924001
100026572429657
100026579021646
100026581670096
100026589884856
100026617667133
100026623365652
100026629425545
100026675760903
100026710560898
100026734636169
100026753269845
100026855761329
100026944811869
100026950721265
100026975349934
100027059351861
100027108548253
100027115392193
100027136342266
100027145873406
100027178627039
100027180191581
100027189293097
100027264966722
100027288832489
100027346350352
100027415215399
100027425589608
100027453636953
100027522573349
100027591494940
100027600038332
100027622063994
100027635166101
100027636875220
100027665943424
100027694742875
100027711226160
100027748443219
100027764919122
100027769092384
100027815321801
100027848328673
100027897348848
100027899599054
100027907877740
100027945560713
100027962017458
100027964204948
100027974465532
100027979759786
100027987232292
100027998040875
100028006292979
100028008493458
100028018237844
100028034359242
100028041975721
100028070838524
100028085471940
100028098858640
100028106504149
100028111140808
100028121736181
100028180067855
100028190318300
100028193356315
100028196584436
100028197047025
100028226264732
100028257635757
100028272340800
100028273730781
100028296965339
100028327234832
100028331238294
100028372882143
100028401843098
100028402490668
100028420463951
100028423483580
100028433130705
100028532254046
100028545995933
100028558870015
100028619853305
100028655683352
100028666270230
100028690267387
100028760685525
100028765402991
100028765892116
100028782084301
100028834239870
100028854038226
100028901301581
100028956862893
100028978050847
100028978869439
100028979410316
100028993483272
100029045079414
100029068007541
100029086869178
100029091574305
100029091636143
100029103407565
100029116546738
100029118225628
100029127362872
100029144842790
100029159712132
100029174171021
100029295650866
100029320602028
100029326400683
100029353305081
100029367969070
100029565618986
100029572298526
100029602493925
100029650065440
100029691330504
100029720856546
100029734862548
100029829544949
100029848480064
100029935483837
100029968481092
100029973740145
100029986813244
100030068537433
100030097392687
100030296293406
100030314370764
100030328043363
100030351660504
100030357767517
100030376024689
100030431224600
100030476476326
100030522600941
100030582556618
100030589145237
100030816942418
100030829325165
100031019685843
100031109774831
100031136536700
100031158585950
100031253963954
100031413791450
100031418152363
100031544706511
100031693001288
100031720604311
100031744584376
100031889624494
100032005903590
100032040100045
100032080390612
100032235923137
100032328589569
100032335260971
100032399333739
100032435419396
100032457318008
100032461872453
100032485460728
100032514811754
100032618536048
100032720312171
100033138797371
100033163163375
100033184010616
100033246221408
100033257682217
100033362021070
100033452929930
100033506560976
100033606290796
100033610283013
100033621171070
100033627914589
100033633863594
100033721891104
100033766577603
100033810879600
100033847326339
100033864874865
100033917362467
100033932841257
100034081006553
100034113096702
100034130933507
100034190360328
100034236851941
100034289886661
100034313721605
100034330094315
100034370450651
100034375951064
100034448530679
100034476797690
100034498360769
100034512519013
100034556376168
100034558191153
100034608523215
100034674780129
100034709733339
100034716903674
100034788075133
100034832933748
100034912447300
100034927830216
100034964236556
100035004667219
100035013165247
100035062552533
100035119803979
100035160074798
100035225676729
100035297438534
100035426591073
100035508579882
